32.7157,-117.1611 37.4419,-122.1430 694584.1423
32.7157,-117.1611 47.6062,-122.3321 1713969.299
47.6062,-122.3321 37.4419,-122.1430 1131590.0696
40.7608,-111.8910 37.4419,-122.1430 958841.4369
47.6062,-122.3321 40.1164,-88.2434 2834388.8706
32.7157,-117.1611 29.7604,-95.3698 2096199.3222
40.7608,-111.8910 40.0150,-105.2705 567311.4551
40.7608,-111.8910 42.2808,-83.7430 2341435.425
40.0150,-105.2705 29.7604,-95.3698 1454092.7686
40.0150,-105.2705 40.8258,-96.6852 732863.5421
40.8258,-96.6852 40.1164,-88.2434 718952.2226
40.1164,-88.2434 40.4406,-79.9959 701107.7974
29.7604,-95.3698 33.7490,-84.3880 1129527.5732
29.7604,-95.3698 38.9897,-76.9378 1975003.3889
33.7490,-84.3880 40.4406,-79.9959 840521.7534
42.2808,-83.7430 40.3487,-74.6590 788942.9348
42.2808,-83.7430 43.4440,-76.5019 604653.9664
40.4406,-79.9959 43.4440,-76.5019 442044.4916
40.4406,-79.9959 40.3487,-74.6590 452513.3905
38.9897,-76.9378 43.4440,-76.5019 497189.8266
38.9897,-76.9378 40.3487,-74.6590 246996.4863