32.7157,-117.1611 37.4419,-122.1430 694.5841
32.7157,-117.1611 47.6062,-122.3321 1713.9693
47.6062,-122.3321 37.4419,-122.1430 1131.5901
40.7608,-111.8910 37.4419,-122.1430 958.8414
47.6062,-122.3321 40.1164,-88.2434 2834.3889
32.7157,-117.1611 29.7604,-95.3698 2096.1993
40.7608,-111.8910 40.0150,-105.2705 567.3115
40.7608,-111.8910 42.2808,-83.7430 2341.4354
40.0150,-105.2705 29.7604,-95.3698 1454.0928
40.0150,-105.2705 40.8258,-96.6852 732.8635
40.8258,-96.6852 40.1164,-88.2434 718.9522
40.1164,-88.2434 40.4406,-79.9959 701.1078
29.7604,-95.3698 33.7490,-84.3880 1129.5276
29.7604,-95.3698 38.9897,-76.9378 1975.0034
33.7490,-84.3880 40.4406,-79.9959 840.5218
42.2808,-83.7430 40.3487,-74.6590 788.9429
42.2808,-83.7430 43.4440,-76.5019 604.654
40.4406,-79.9959 43.4440,-76.5019 442.0445
40.4406,-79.9959 40.3487,-74.6590 452.5134
38.9897,-76.9378 43.4440,-76.5019 497.1898
38.9897,-76.9378 40.3487,-74.6590 246.9965